P6 2 1 5
P16 5 1 7
P12 6 1 12
P18 7 1 7
P14 21 1 3
P7 22 1 9
P19 30 1 5
P3 32 1 9
P13 34 1 12
P5 39 1 7
P8 45 1 5
P4 46 1 11
P16 53 7 5
P9 54 1 9
P11 61 1 9
P18 65 7 5
P15 67 1 11
P12 91 12 1
P0 92 1 5
P8 100 5 5
P2 103 1 9
P15 105 11 5
P3 114 9 7
P18 115 5 12
P5 120 7 12
P11 120 9 10
P13 121 12 6
P16 121 5 4
P6 128 5 1
P7 133 9 11
P9 133 9 9
P14 144 3 6
P4 147 11 6
P19 159 5 6
P12 169 1 6
P3 174 7 12
P2 177 9 12
P15 177 5 9
P0 185 5 6
P8 190 5 10
P7 192 11 12
P17 213 7 11
P6 214 1 10
P10 226 1 3
P13 226 6 4
P16 230 4 11
P11 236 10 10
P18 237 12 9
P14 242 6 8
P5 244 12 9
P4 246 6 7
P15 247 9 1
P7 257 12 2
P12 260 6 5
P19 263 6 9
P6 271 10 12
P17 273 11 9
P2 281 12 10
P3 282 12 9
P9 282 9 7
P0 299 6 8
P18 306 9 8
P10 308 3 2
P4 310 7 10
P11 312 10 3
P8 316 10 10
P14 318 8 1
P15 320 1 12
P7 333 2 9
P6 337 12 2
P5 338 9 7
P13 340 4 11
P4 345 10 5
P3 346 9 7
P2 348 10 3
P19 350 9 10
P9 360 7 9
P17 364 9 4
P10 368 2 12
P16 378 11 8
P11 384 3 8
P15 385 12 4
P8 395 10 11
P18 396 8 5
P13 398 11 8
P4 400 5 4
P5 400 7 5
P19 401 10 1
P2 410 3 7
P0 415 8 7
P3 427 7 2
P14 431 1 5
P16 433 8 6
P7 434 9 8
P15 435 4 7
P9 440 9 4
P6 444 10 1
P12 446 12 3
P11 447 8 7
P18 448 5 3
P10 449 12 12
P8 461 11 5
P19 467 1 9
P5 471 5 5
P13 475 8 10
P17 475 4 12
P0 485 7 12
P12 488 3 11
P18 497 3 8
P16 498 6 10
P9 505 4 6
P3 508 2 9
P15 511 7 8
P14 519 5 5
P4 525 4 9
P2 529 7 12
P19 533 9 3
P10 538 12 12
P13 538 10 10
P7 539 8 8
P16 539 10 4
P12 543 11 3
P0 548 12 8
P6 551 1 12
P8 559 5 5
P17 567 12 7
P18 570 8 11
P11 574 7 1
P5 578 5 10
P12 589 3 1
P0 592 8 5
P13 593 10 12
P16 594 4 6
P3 601 9 3
P10 601 12 7
P2 604 12 7
P7 609 8 12
P14 611 5 8
P4 621 9 6
P6 630 12 10
P15 635 8 2
P18 635 11 3
P17 640 7 5
P9 647 6 12
P8 648 5 6
P5 659 10 7
P16 660 6 3
P12 663 1 1
P0 666 5 1
P6 672 10 8
P15 673 2 6
P17 673 5 2
P9 674 12 7
P19 681 3 11
P10 687 7 10
P4 689 6 9
P13 689 12 4
P18 690 3 9
P2 703 7 6
P11 719 1 7
P0 726 1 10
P3 730 3 4
P9 733 7 12
P19 735 11 8
P8 736 6 11
P13 742 4 12
P17 744 2 1
P10 746 10 11
P16 749 3 5
P14 755 8 5
P9 774 12 1
P15 774 6 3
P6 775 8 1
P5 780 7 3
P19 783 8 12
P18 784 9 7
P3 791 4 11
P12 800 1 1
P0 804 10 7
P4 807 9 1
P7 812 12 9
P11 816 7 1
P14 818 5 7
P8 828 11 5
P17 829 1 4
P10 830 11 7
P18 830 7 6
P19 830 12 9
P2 838 6 5
P3 844 11 4
P13 845 12 9
P16 860 5 10
P6 861 1 8
P15 864 3 2
P14 865 7 8
P2 871 5 11
P9 871 3 7
P18 887 6 9
P10 888 7 11
P0 898 7 9
P19 902 9 8
P17 907 4 4
P11 909 1 4
P7 914 9 8
P18 915 9 4
P5 916 6 3
P3 919 4 12
P12 919 1 4
P9 922 7 5
P13 923 9 9
P6 924 8 4
P14 934 8 4
P15 938 2 8
P5 964 3 6
P16 964 10 7
P11 968 4 12
P4 970 2 2
P2 974 11 3
P13 974 9 10
P8 978 5 3
P10 983 11 3
P14 983 4 2
P19 984 8 5
P18 992 4 7
END 5000 1 1
